# Created by Octave 3.2.4, Thu Apr 03 23:26:11 2014 EDT <vector@vector-EMEI>
# name: a
# type: matrix
# rows: 1
# columns: 3
 1 2 3
